105.6
107.3
107.8
108.4
108.7
108.9
109
109.4
109.5
109.7
109.9
109.9
113.9
114.4
114.7
115.2
115.4
115.5
115.9
116.4
116.5
116.2
116.4
116.4
118.9
120.2
120.8
121.2
121.5
121.5
121.8
121.9
122
122
122
122.2
124.9
125.4
125.8
126.4
126.6
127.1
127.5
127.6
127.7
127.4
127.1
127.1
129.7
130.2
130.6
132.4
132.4
132.3
132.6
132.8
132.4
132.3
132.4
132.6
133.7
134.3
134.8
135.2
135.2
135.8
136.3
136.4
136.5
136.5
135.6
136.3
137.9
137.6
138.6
138.8
138.9
139
139.3
139.6
139.5
139.4
138.9
139.7
142.3
142.4
142.8
143.5
143.8
143.8
144.1
144.5
144.9
145.2
145.6
146.2
149.6
150.8
151.2
151.7
152
152.3
153.5
153.8
153.6
154
154.2
155.4
